"ID","PERIOD","EVENT","D1","D2","D3","D4","D5","D6","D7","D8","D9"
111,1,0,1,0,0,0,0,0,0,0,0
111,2,0,0,1,0,0,0,0,0,0,0
111,3,0,0,0,1,0,0,0,0,0,0
111,4,0,0,0,0,1,0,0,0,0,0
111,5,1,0,0,0,0,1,0,0,0,0
211,1,0,1,0,0,0,0,0,0,0,0
211,2,0,0,1,0,0,0,0,0,0,0
211,3,0,0,0,1,0,0,0,0,0,0
211,4,0,0,0,0,1,0,0,0,0,0
211,5,0,0,0,0,0,1,0,0,0,0
211,6,1,0,0,0,0,0,1,0,0,0
311,1,0,1,0,0,0,0,0,0,0,0
311,2,0,0,1,0,0,0,0,0,0,0
311,3,0,0,0,1,0,0,0,0,0,0
311,4,0,0,0,0,1,0,0,0,0,0
311,5,0,0,0,0,0,1,0,0,0,0
311,6,0,0,0,0,0,0,1,0,0,0
311,7,0,0,0,0,0,0,0,1,0,0
311,8,0,0,0,0,0,0,0,0,1,0
411,1,0,1,0,0,0,0,0,0,0,0
411,2,0,0,1,0,0,0,0,0,0,0
411,3,0,0,0,1,0,0,0,0,0,0
411,4,0,0,0,0,1,0,0,0,0,0
411,5,0,0,0,0,0,1,0,0,0,0
411,6,0,0,0,0,0,0,1,0,0,0
411,7,0,0,0,0,0,0,0,1,0,0
411,8,0,0,0,0,0,0,0,0,1,0
411,9,1,0,0,0,0,0,0,0,0,1
511,1,0,1,0,0,0,0,0,0,0,0
511,2,0,0,1,0,0,0,0,0,0,0
511,3,1,0,0,1,0,0,0,0,0,0
611,1,0,1,0,0,0,0,0,0,0,0
611,2,0,0,1,0,0,0,0,0,0,0
611,3,0,0,0,1,0,0,0,0,0,0
611,4,0,0,0,0,1,0,0,0,0,0
611,5,0,0,0,0,0,1,0,0,0,0
611,6,1,0,0,0,0,0,1,0,0,0
711,1,0,1,0,0,0,0,0,0,0,0
711,2,0,0,1,0,0,0,0,0,0,0
711,3,0,0,0,1,0,0,0,0,0,0
711,4,0,0,0,0,1,0,0,0,0,0
711,5,1,0,0,0,0,1,0,0,0,0
811,1,0,1,0,0,0,0,0,0,0,0
811,2,0,0,1,0,0,0,0,0,0,0
811,3,0,0,0,1,0,0,0,0,0,0
811,4,0,0,0,0,1,0,0,0,0,0
811,5,0,0,0,0,0,1,0,0,0,0
911,1,0,1,0,0,0,0,0,0,0,0
911,2,0,0,1,0,0,0,0,0,0,0
911,3,0,0,0,1,0,0,0,0,0,0
911,4,0,0,0,0,1,0,0,0,0,0
911,5,0,0,0,0,0,1,0,0,0,0
911,6,0,0,0,0,0,0,1,0,0,0
911,7,1,0,0,0,0,0,0,1,0,0
1011,1,0,1,0,0,0,0,0,0,0,0
1011,2,0,0,1,0,0,0,0,0,0,0
1011,3,0,0,0,1,0,0,0,0,0,0
1011,4,0,0,0,0,1,0,0,0,0,0
1011,5,0,0,0,0,0,1,0,0,0,0
1011,6,0,0,0,0,0,0,1,0,0,0
1011,7,0,0,0,0,0,0,0,1,0,0
1011,8,1,0,0,0,0,0,0,0,1,0
1211,1,0,1,0,0,0,0,0,0,0,0
1211,2,0,0,1,0,0,0,0,0,0,0
1211,3,0,0,0,1,0,0,0,0,0,0
1211,4,0,0,0,0,1,0,0,0,0,0
1211,5,1,0,0,0,0,1,0,0,0,0
1411,1,0,1,0,0,0,0,0,0,0,0
1411,2,0,0,1,0,0,0,0,0,0,0
1411,3,0,0,0,1,0,0,0,0,0,0
1411,4,0,0,0,0,1,0,0,0,0,0
1411,5,0,0,0,0,0,1,0,0,0,0
1411,6,1,0,0,0,0,0,1,0,0,0
1511,1,0,1,0,0,0,0,0,0,0,0
1511,2,0,0,1,0,0,0,0,0,0,0
1511,3,0,0,0,1,0,0,0,0,0,0
1711,1,0,1,0,0,0,0,0,0,0,0
1711,2,0,0,1,0,0,0,0,0,0,0
1711,3,0,0,0,1,0,0,0,0,0,0
1711,4,0,0,0,0,1,0,0,0,0,0
1711,5,0,0,0,0,0,1,0,0,0,0
1711,6,0,0,0,0,0,0,1,0,0,0
1711,7,1,0,0,0,0,0,0,1,0,0
1811,1,0,1,0,0,0,0,0,0,0,0
1811,2,0,0,1,0,0,0,0,0,0,0
1811,3,0,0,0,1,0,0,0,0,0,0
1811,4,0,0,0,0,1,0,0,0,0,0
1811,5,0,0,0,0,0,1,0,0,0,0
1811,6,0,0,0,0,0,0,1,0,0,0
1811,7,1,0,0,0,0,0,0,1,0,0
1911,1,0,1,0,0,0,0,0,0,0,0
1911,2,0,0,1,0,0,0,0,0,0,0
1911,3,0,0,0,1,0,0,0,0,0,0
1911,4,0,0,0,0,1,0,0,0,0,0
1911,5,0,0,0,0,0,1,0,0,0,0
1911,6,0,0,0,0,0,0,1,0,0,0
1911,7,1,0,0,0,0,0,0,1,0,0
2011,1,1,1,0,0,0,0,0,0,0,0
2111,1,0,1,0,0,0,0,0,0,0,0
2111,2,0,0,1,0,0,0,0,0,0,0
2111,3,0,0,0,1,0,0,0,0,0,0
2111,4,0,0,0,0,1,0,0,0,0,0
2111,5,0,0,0,0,0,1,0,0,0,0
2111,6,0,0,0,0,0,0,1,0,0,0
2111,7,0,0,0,0,0,0,0,1,0,0
2111,8,1,0,0,0,0,0,0,0,1,0
2411,1,0,1,0,0,0,0,0,0,0,0
2411,2,0,0,1,0,0,0,0,0,0,0
2411,3,0,0,0,1,0,0,0,0,0,0
2411,4,0,0,0,0,1,0,0,0,0,0
2411,5,0,0,0,0,0,1,0,0,0,0
2411,6,0,0,0,0,0,0,1,0,0,0
2411,7,1,0,0,0,0,0,0,1,0,0
2812,1,0,1,0,0,0,0,0,0,0,0
2812,2,0,0,1,0,0,0,0,0,0,0
2812,3,0,0,0,1,0,0,0,0,0,0
2812,4,0,0,0,0,1,0,0,0,0,0
2812,5,1,0,0,0,0,1,0,0,0,0
2912,1,0,1,0,0,0,0,0,0,0,0
2912,2,0,0,1,0,0,0,0,0,0,0
2912,3,0,0,0,1,0,0,0,0,0,0
2912,4,0,0,0,0,1,0,0,0,0,0
2912,5,1,0,0,0,0,1,0,0,0,0
3012,1,0,1,0,0,0,0,0,0,0,0
3012,2,0,0,1,0,0,0,0,0,0,0
3012,3,0,0,0,1,0,0,0,0,0,0
3012,4,0,0,0,0,1,0,0,0,0,0
3012,5,0,0,0,0,0,1,0,0,0,0
3012,6,0,0,0,0,0,0,1,0,0,0
3012,7,0,0,0,0,0,0,0,1,0,0
3012,8,0,0,0,0,0,0,0,0,1,0
3012,9,0,0,0,0,0,0,0,0,0,1
3212,1,0,1,0,0,0,0,0,0,0,0
3212,2,0,0,1,0,0,0,0,0,0,0
3212,3,0,0,0,1,0,0,0,0,0,0
3212,4,0,0,0,0,1,0,0,0,0,0
3212,5,0,0,0,0,0,1,0,0,0,0
3212,6,0,0,0,0,0,0,1,0,0,0
3212,7,0,0,0,0,0,0,0,1,0,0
3212,8,1,0,0,0,0,0,0,0,1,0
3312,1,0,1,0,0,0,0,0,0,0,0
3312,2,0,0,1,0,0,0,0,0,0,0
3312,3,0,0,0,1,0,0,0,0,0,0
3312,4,0,0,0,0,1,0,0,0,0,0
3312,5,0,0,0,0,0,1,0,0,0,0
3312,6,0,0,0,0,0,0,1,0,0,0
3312,7,1,0,0,0,0,0,0,1,0,0
3412,1,0,1,0,0,0,0,0,0,0,0
3412,2,0,0,1,0,0,0,0,0,0,0
3412,3,0,0,0,1,0,0,0,0,0,0
3412,4,0,0,0,0,1,0,0,0,0,0
3412,5,0,0,0,0,0,1,0,0,0,0
3412,6,1,0,0,0,0,0,1,0,0,0
3512,1,0,1,0,0,0,0,0,0,0,0
3512,2,0,0,1,0,0,0,0,0,0,0
3512,3,0,0,0,1,0,0,0,0,0,0
3512,4,1,0,0,0,1,0,0,0,0,0
3712,1,0,1,0,0,0,0,0,0,0,0
3712,2,0,0,1,0,0,0,0,0,0,0
3712,3,0,0,0,1,0,0,0,0,0,0
3712,4,0,0,0,0,1,0,0,0,0,0
3712,5,0,0,0,0,0,1,0,0,0,0
3712,6,0,0,0,0,0,0,1,0,0,0
3712,7,1,0,0,0,0,0,0,1,0,0
3912,1,0,1,0,0,0,0,0,0,0,0
3912,2,1,0,1,0,0,0,0,0,0,0
4012,1,0,1,0,0,0,0,0,0,0,0
4012,2,0,0,1,0,0,0,0,0,0,0
4012,3,0,0,0,1,0,0,0,0,0,0
4012,4,0,0,0,0,1,0,0,0,0,0
4012,5,0,0,0,0,0,1,0,0,0,0
4012,6,0,0,0,0,0,0,1,0,0,0
4012,7,0,0,0,0,0,0,0,1,0,0
4012,8,0,0,0,0,0,0,0,0,1,0
4012,9,1,0,0,0,0,0,0,0,0,1
5012,1,0,1,0,0,0,0,0,0,0,0
5012,2,0,0,1,0,0,0,0,0,0,0
5012,3,0,0,0,1,0,0,0,0,0,0
5012,4,0,0,0,0,1,0,0,0,0,0
5012,5,0,0,0,0,0,1,0,0,0,0
5012,6,0,0,0,0,0,0,1,0,0,0
5012,7,0,0,0,0,0,0,0,1,0,0
5012,8,0,0,0,0,0,0,0,0,1,0
5012,9,0,0,0,0,0,0,0,0,0,1
5112,1,0,1,0,0,0,0,0,0,0,0
5112,2,0,0,1,0,0,0,0,0,0,0
5112,3,0,0,0,1,0,0,0,0,0,0
5112,4,0,0,0,0,1,0,0,0,0,0
5112,5,0,0,0,0,0,1,0,0,0,0
5112,6,0,0,0,0,0,0,1,0,0,0
5112,7,0,0,0,0,0,0,0,1,0,0
5112,8,0,0,0,0,0,0,0,0,1,0
5112,9,0,0,0,0,0,0,0,0,0,1
5212,1,0,1,0,0,0,0,0,0,0,0
5212,2,0,0,1,0,0,0,0,0,0,0
5212,3,0,0,0,1,0,0,0,0,0,0
5212,4,0,0,0,0,1,0,0,0,0,0
5212,5,0,0,0,0,0,1,0,0,0,0
5212,6,0,0,0,0,0,0,1,0,0,0
5212,7,0,0,0,0,0,0,0,1,0,0
5212,8,1,0,0,0,0,0,0,0,1,0
5322,1,0,1,0,0,0,0,0,0,0,0
5322,2,0,0,1,0,0,0,0,0,0,0
5322,3,0,0,0,1,0,0,0,0,0,0
5322,4,1,0,0,0,1,0,0,0,0,0
5412,1,0,1,0,0,0,0,0,0,0,0
5412,2,1,0,1,0,0,0,0,0,0,0
5512,1,0,1,0,0,0,0,0,0,0,0
5512,2,0,0,1,0,0,0,0,0,0,0
5512,3,0,0,0,1,0,0,0,0,0,0
5512,4,0,0,0,0,1,0,0,0,0,0
5512,5,0,0,0,0,0,1,0,0,0,0
5512,6,0,0,0,0,0,0,1,0,0,0
5512,7,0,0,0,0,0,0,0,1,0,0
5512,8,0,0,0,0,0,0,0,0,1,0
5512,9,0,0,0,0,0,0,0,0,0,1
5612,1,0,1,0,0,0,0,0,0,0,0
5612,2,0,0,1,0,0,0,0,0,0,0
5612,3,0,0,0,1,0,0,0,0,0,0
5612,4,1,0,0,0,1,0,0,0,0,0
5712,1,0,1,0,0,0,0,0,0,0,0
5712,2,0,0,1,0,0,0,0,0,0,0
5712,3,0,0,0,1,0,0,0,0,0,0
5712,4,0,0,0,0,1,0,0,0,0,0
5712,5,1,0,0,0,0,1,0,0,0,0
5812,1,0,1,0,0,0,0,0,0,0,0
5812,2,0,0,1,0,0,0,0,0,0,0
5812,3,0,0,0,1,0,0,0,0,0,0
5812,4,0,0,0,0,1,0,0,0,0,0
5812,5,0,0,0,0,0,1,0,0,0,0
5812,6,0,0,0,0,0,0,1,0,0,0
5812,7,0,0,0,0,0,0,0,1,0,0
5812,8,1,0,0,0,0,0,0,0,1,0
5912,1,0,1,0,0,0,0,0,0,0,0
5912,2,0,0,1,0,0,0,0,0,0,0
5912,3,0,0,0,1,0,0,0,0,0,0
5912,4,0,0,0,0,1,0,0,0,0,0
5912,5,0,0,0,0,0,1,0,0,0,0
5912,6,1,0,0,0,0,0,1,0,0,0
6213,1,0,1,0,0,0,0,0,0,0,0
6213,2,0,0,1,0,0,0,0,0,0,0
6213,3,0,0,0,1,0,0,0,0,0,0
6213,4,0,0,0,0,1,0,0,0,0,0
6213,5,0,0,0,0,0,1,0,0,0,0
6213,6,1,0,0,0,0,0,1,0,0,0
6313,1,0,1,0,0,0,0,0,0,0,0
6313,2,0,0,1,0,0,0,0,0,0,0
6313,3,0,0,0,1,0,0,0,0,0,0
6313,4,0,0,0,0,1,0,0,0,0,0
6313,5,0,0,0,0,0,1,0,0,0,0
6313,6,0,0,0,0,0,0,1,0,0,0
6313,7,0,0,0,0,0,0,0,1,0,0
6313,8,0,0,0,0,0,0,0,0,1,0
6313,9,0,0,0,0,0,0,0,0,0,1
6413,1,0,1,0,0,0,0,0,0,0,0
6413,2,0,0,1,0,0,0,0,0,0,0
6413,3,0,0,0,1,0,0,0,0,0,0
6413,4,0,0,0,0,1,0,0,0,0,0
6413,5,0,0,0,0,0,1,0,0,0,0
6413,6,1,0,0,0,0,0,1,0,0,0
6613,1,0,1,0,0,0,0,0,0,0,0
6613,2,0,0,1,0,0,0,0,0,0,0
6613,3,0,0,0,1,0,0,0,0,0,0
6613,4,0,0,0,0,1,0,0,0,0,0
6613,5,0,0,0,0,0,1,0,0,0,0
6613,6,0,0,0,0,0,0,1,0,0,0
6613,7,0,0,0,0,0,0,0,1,0,0
6713,1,0,1,0,0,0,0,0,0,0,0
6713,2,0,0,1,0,0,0,0,0,0,0
6713,3,0,0,0,1,0,0,0,0,0,0
6713,4,0,0,0,0,1,0,0,0,0,0
6713,5,0,0,0,0,0,1,0,0,0,0
6713,6,0,0,0,0,0,0,1,0,0,0
6713,7,0,0,0,0,0,0,0,1,0,0
6713,8,0,0,0,0,0,0,0,0,1,0
6713,9,0,0,0,0,0,0,0,0,0,1
6813,1,0,1,0,0,0,0,0,0,0,0
6813,2,0,0,1,0,0,0,0,0,0,0
6813,3,0,0,0,1,0,0,0,0,0,0
6813,4,0,0,0,0,1,0,0,0,0,0
6813,5,1,0,0,0,0,1,0,0,0,0
6913,1,0,1,0,0,0,0,0,0,0,0
6913,2,0,0,1,0,0,0,0,0,0,0
6913,3,0,0,0,1,0,0,0,0,0,0
6913,4,0,0,0,0,1,0,0,0,0,0
6913,5,0,0,0,0,0,1,0,0,0,0
6913,6,1,0,0,0,0,0,1,0,0,0
7013,1,0,1,0,0,0,0,0,0,0,0
7013,2,0,0,1,0,0,0,0,0,0,0
7013,3,0,0,0,1,0,0,0,0,0,0
7013,4,0,0,0,0,1,0,0,0,0,0
7013,5,0,0,0,0,0,1,0,0,0,0
7013,6,1,0,0,0,0,0,1,0,0,0
7123,1,0,1,0,0,0,0,0,0,0,0
7123,2,0,0,1,0,0,0,0,0,0,0
7123,3,0,0,0,1,0,0,0,0,0,0
7123,4,0,0,0,0,1,0,0,0,0,0
7123,5,0,0,0,0,0,1,0,0,0,0
7123,6,1,0,0,0,0,0,1,0,0,0
7313,1,0,1,0,0,0,0,0,0,0,0
7313,2,0,0,1,0,0,0,0,0,0,0
7313,3,0,0,0,1,0,0,0,0,0,0
7313,4,1,0,0,0,1,0,0,0,0,0
7413,1,0,1,0,0,0,0,0,0,0,0
7413,2,0,0,1,0,0,0,0,0,0,0
7413,3,0,0,0,1,0,0,0,0,0,0
7413,4,0,0,0,0,1,0,0,0,0,0
7413,5,0,0,0,0,0,1,0,0,0,0
7413,6,1,0,0,0,0,0,1,0,0,0
7513,1,0,1,0,0,0,0,0,0,0,0
7513,2,0,0,1,0,0,0,0,0,0,0
7513,3,0,0,0,1,0,0,0,0,0,0
7513,4,0,0,0,0,1,0,0,0,0,0
7513,5,0,0,0,0,0,1,0,0,0,0
7513,6,1,0,0,0,0,0,1,0,0,0
7913,1,0,1,0,0,0,0,0,0,0,0
7913,2,0,0,1,0,0,0,0,0,0,0
7913,3,0,0,0,1,0,0,0,0,0,0
7913,4,0,0,0,0,1,0,0,0,0,0
7913,5,0,0,0,0,0,1,0,0,0,0
7913,6,0,0,0,0,0,0,1,0,0,0
7913,7,0,0,0,0,0,0,0,1,0,0
7913,8,1,0,0,0,0,0,0,0,1,0
8113,1,0,1,0,0,0,0,0,0,0,0
8113,2,0,0,1,0,0,0,0,0,0,0
8113,3,0,0,0,1,0,0,0,0,0,0
8113,4,0,0,0,0,1,0,0,0,0,0
8113,5,1,0,0,0,0,1,0,0,0,0
8513,1,0,1,0,0,0,0,0,0,0,0
8513,2,0,0,1,0,0,0,0,0,0,0
8513,3,0,0,0,1,0,0,0,0,0,0
8513,4,0,0,0,0,1,0,0,0,0,0
8814,1,0,1,0,0,0,0,0,0,0,0
8814,2,0,0,1,0,0,0,0,0,0,0
8814,3,0,0,0,1,0,0,0,0,0,0
8814,4,0,0,0,0,1,0,0,0,0,0
8814,5,0,0,0,0,0,1,0,0,0,0
8814,6,0,0,0,0,0,0,1,0,0,0
8814,7,0,0,0,0,0,0,0,1,0,0
8814,8,0,0,0,0,0,0,0,0,1,0
8814,9,0,0,0,0,0,0,0,0,0,1
8914,1,0,1,0,0,0,0,0,0,0,0
8914,2,0,0,1,0,0,0,0,0,0,0
8914,3,0,0,0,1,0,0,0,0,0,0
8914,4,0,0,0,0,1,0,0,0,0,0
8914,5,1,0,0,0,0,1,0,0,0,0
9114,1,0,1,0,0,0,0,0,0,0,0
9114,2,0,0,1,0,0,0,0,0,0,0
9114,3,0,0,0,1,0,0,0,0,0,0
9114,4,0,0,0,0,1,0,0,0,0,0
9114,5,0,0,0,0,0,1,0,0,0,0
9114,6,0,0,0,0,0,0,1,0,0,0
9114,7,0,0,0,0,0,0,0,1,0,0
9114,8,1,0,0,0,0,0,0,0,1,0
9214,1,0,1,0,0,0,0,0,0,0,0
9214,2,0,0,1,0,0,0,0,0,0,0
9214,3,0,0,0,1,0,0,0,0,0,0
9214,4,1,0,0,0,1,0,0,0,0,0
9314,1,0,1,0,0,0,0,0,0,0,0
9314,2,0,0,1,0,0,0,0,0,0,0
9314,3,0,0,0,1,0,0,0,0,0,0
9314,4,0,0,0,0,1,0,0,0,0,0
9314,5,1,0,0,0,0,1,0,0,0,0
9414,1,0,1,0,0,0,0,0,0,0,0
9414,2,0,0,1,0,0,0,0,0,0,0
9414,3,0,0,0,1,0,0,0,0,0,0
9414,4,0,0,0,0,1,0,0,0,0,0
9414,5,0,0,0,0,0,1,0,0,0,0
9414,6,0,0,0,0,0,0,1,0,0,0
9414,7,1,0,0,0,0,0,0,1,0,0
9544,1,0,1,0,0,0,0,0,0,0,0
9544,2,0,0,1,0,0,0,0,0,0,0
9544,3,0,0,0,1,0,0,0,0,0,0
9544,4,0,0,0,0,1,0,0,0,0,0
9544,5,0,0,0,0,0,1,0,0,0,0
9544,6,1,0,0,0,0,0,1,0,0,0
9614,1,0,1,0,0,0,0,0,0,0,0
9614,2,0,0,1,0,0,0,0,0,0,0
9614,3,0,0,0,1,0,0,0,0,0,0
9614,4,0,0,0,0,1,0,0,0,0,0
9614,5,0,0,0,0,0,1,0,0,0,0
9614,6,1,0,0,0,0,0,1,0,0,0
9724,1,0,1,0,0,0,0,0,0,0,0
9724,2,0,0,1,0,0,0,0,0,0,0
9724,3,0,0,0,1,0,0,0,0,0,0
9724,4,0,0,0,0,1,0,0,0,0,0
9724,5,0,0,0,0,0,1,0,0,0,0
9724,6,1,0,0,0,0,0,1,0,0,0
9814,1,0,1,0,0,0,0,0,0,0,0
9814,2,0,0,1,0,0,0,0,0,0,0
9814,3,0,0,0,1,0,0,0,0,0,0
9814,4,0,0,0,0,1,0,0,0,0,0
9814,5,0,0,0,0,0,1,0,0,0,0
9814,6,1,0,0,0,0,0,1,0,0,0
9914,1,0,1,0,0,0,0,0,0,0,0
9914,2,0,0,1,0,0,0,0,0,0,0
9914,3,0,0,0,1,0,0,0,0,0,0
9914,4,0,0,0,0,1,0,0,0,0,0
9914,5,0,0,0,0,0,1,0,0,0,0
9914,6,1,0,0,0,0,0,1,0,0,0
10014,1,0,1,0,0,0,0,0,0,0,0
10014,2,0,0,1,0,0,0,0,0,0,0
10014,3,0,0,0,1,0,0,0,0,0,0
10014,4,0,0,0,0,1,0,0,0,0,0
10014,5,0,0,0,0,0,1,0,0,0,0
10014,6,0,0,0,0,0,0,1,0,0,0
10014,7,0,0,0,0,0,0,0,1,0,0
10014,8,0,0,0,0,0,0,0,0,1,0
10014,9,0,0,0,0,0,0,0,0,0,1
10114,1,0,1,0,0,0,0,0,0,0,0
10114,2,0,0,1,0,0,0,0,0,0,0
10114,3,0,0,0,1,0,0,0,0,0,0
10114,4,1,0,0,0,1,0,0,0,0,0
10214,1,0,1,0,0,0,0,0,0,0,0
10214,2,0,0,1,0,0,0,0,0,0,0
10214,3,0,0,0,1,0,0,0,0,0,0
10214,4,0,0,0,0,1,0,0,0,0,0
10214,5,0,0,0,0,0,1,0,0,0,0
10214,6,0,0,0,0,0,0,1,0,0,0
10214,7,0,0,0,0,0,0,0,1,0,0
10214,8,1,0,0,0,0,0,0,0,1,0
10314,1,0,1,0,0,0,0,0,0,0,0
10314,2,0,0,1,0,0,0,0,0,0,0
10314,3,0,0,0,1,0,0,0,0,0,0
10314,4,0,0,0,0,1,0,0,0,0,0
10314,5,0,0,0,0,0,1,0,0,0,0
10314,6,0,0,0,0,0,0,1,0,0,0
10314,7,0,0,0,0,0,0,0,1,0,0
10314,8,0,0,0,0,0,0,0,0,1,0
10314,9,0,0,0,0,0,0,0,0,0,1
10414,1,0,1,0,0,0,0,0,0,0,0
10414,2,0,0,1,0,0,0,0,0,0,0
10414,3,0,0,0,1,0,0,0,0,0,0
10414,4,0,0,0,0,1,0,0,0,0,0
10414,5,0,0,0,0,0,1,0,0,0,0
10414,6,0,0,0,0,0,0,1,0,0,0
10414,7,0,0,0,0,0,0,0,1,0,0
10514,1,0,1,0,0,0,0,0,0,0,0
10514,2,0,0,1,0,0,0,0,0,0,0
10514,3,0,0,0,1,0,0,0,0,0,0
10514,4,0,0,0,0,1,0,0,0,0,0
10514,5,0,0,0,0,0,1,0,0,0,0
10514,6,0,0,0,0,0,0,1,0,0,0
10514,7,0,0,0,0,0,0,0,1,0,0
10514,8,1,0,0,0,0,0,0,0,1,0
10714,1,0,1,0,0,0,0,0,0,0,0
10714,2,0,0,1,0,0,0,0,0,0,0
10714,3,0,0,0,1,0,0,0,0,0,0
10714,4,0,0,0,0,1,0,0,0,0,0
10714,5,0,0,0,0,0,1,0,0,0,0
10714,6,0,0,0,0,0,0,1,0,0,0
10714,7,0,0,0,0,0,0,0,1,0,0
10714,8,0,0,0,0,0,0,0,0,1,0
10714,9,1,0,0,0,0,0,0,0,0,1
10814,1,0,1,0,0,0,0,0,0,0,0
10814,2,0,0,1,0,0,0,0,0,0,0
10814,3,0,0,0,1,0,0,0,0,0,0
10814,4,0,0,0,0,1,0,0,0,0,0
10914,1,0,1,0,0,0,0,0,0,0,0
10914,2,0,0,1,0,0,0,0,0,0,0
10914,3,0,0,0,1,0,0,0,0,0,0
10914,4,0,0,0,0,1,0,0,0,0,0
10914,5,0,0,0,0,0,1,0,0,0,0
10914,6,1,0,0,0,0,0,1,0,0,0
11014,1,0,1,0,0,0,0,0,0,0,0
11014,2,0,0,1,0,0,0,0,0,0,0
11014,3,0,0,0,1,0,0,0,0,0,0
11014,4,0,0,0,0,1,0,0,0,0,0
11014,5,0,0,0,0,0,1,0,0,0,0
11014,6,1,0,0,0,0,0,1,0,0,0
11214,1,0,1,0,0,0,0,0,0,0,0
11214,2,0,0,1,0,0,0,0,0,0,0
11214,3,0,0,0,1,0,0,0,0,0,0
11214,4,0,0,0,0,1,0,0,0,0,0
11214,5,0,0,0,0,0,1,0,0,0,0
11214,6,0,0,0,0,0,0,1,0,0,0
11214,7,0,0,0,0,0,0,0,1,0,0
11214,8,0,0,0,0,0,0,0,0,1,0
11214,9,0,0,0,0,0,0,0,0,0,1
11425,1,0,1,0,0,0,0,0,0,0,0
11425,2,0,0,1,0,0,0,0,0,0,0
11425,3,0,0,0,1,0,0,0,0,0,0
11425,4,0,0,0,0,1,0,0,0,0,0
11425,5,0,0,0,0,0,1,0,0,0,0
11425,6,1,0,0,0,0,0,1,0,0,0
11515,1,0,1,0,0,0,0,0,0,0,0
11515,2,0,0,1,0,0,0,0,0,0,0
11515,3,0,0,0,1,0,0,0,0,0,0
11515,4,0,0,0,0,1,0,0,0,0,0
11615,1,0,1,0,0,0,0,0,0,0,0
11615,2,0,0,1,0,0,0,0,0,0,0
11615,3,0,0,0,1,0,0,0,0,0,0
11615,4,0,0,0,0,1,0,0,0,0,0
11615,5,0,0,0,0,0,1,0,0,0,0
11615,6,0,0,0,0,0,0,1,0,0,0
11615,7,1,0,0,0,0,0,0,1,0,0
11815,1,0,1,0,0,0,0,0,0,0,0
11815,2,0,0,1,0,0,0,0,0,0,0
11815,3,0,0,0,1,0,0,0,0,0,0
11815,4,0,0,0,0,1,0,0,0,0,0
11815,5,1,0,0,0,0,1,0,0,0,0
11915,1,0,1,0,0,0,0,0,0,0,0
11915,2,0,0,1,0,0,0,0,0,0,0
11915,3,0,0,0,1,0,0,0,0,0,0
11915,4,0,0,0,0,1,0,0,0,0,0
11915,5,0,0,0,0,0,1,0,0,0,0
11915,6,0,0,0,0,0,0,1,0,0,0
11915,7,0,0,0,0,0,0,0,1,0,0
11915,8,0,0,0,0,0,0,0,0,1,0
11915,9,0,0,0,0,0,0,0,0,0,1
12115,1,0,1,0,0,0,0,0,0,0,0
12115,2,0,0,1,0,0,0,0,0,0,0
12115,3,0,0,0,1,0,0,0,0,0,0
12115,4,0,0,0,0,1,0,0,0,0,0
12115,5,1,0,0,0,0,1,0,0,0,0
12315,1,0,1,0,0,0,0,0,0,0,0
12315,2,0,0,1,0,0,0,0,0,0,0
12315,3,0,0,0,1,0,0,0,0,0,0
12315,4,0,0,0,0,1,0,0,0,0,0
12315,5,1,0,0,0,0,1,0,0,0,0
12515,1,0,1,0,0,0,0,0,0,0,0
12515,2,0,0,1,0,0,0,0,0,0,0
12515,3,0,0,0,1,0,0,0,0,0,0
12515,4,0,0,0,0,1,0,0,0,0,0
12515,5,0,0,0,0,0,1,0,0,0,0
12515,6,1,0,0,0,0,0,1,0,0,0
12715,1,0,1,0,0,0,0,0,0,0,0
12715,2,0,0,1,0,0,0,0,0,0,0
12715,3,0,0,0,1,0,0,0,0,0,0
12715,4,0,0,0,0,1,0,0,0,0,0
12715,5,0,0,0,0,0,1,0,0,0,0
12715,6,0,0,0,0,0,0,1,0,0,0
12715,7,0,0,0,0,0,0,0,1,0,0
12715,8,1,0,0,0,0,0,0,0,1,0
12825,1,0,1,0,0,0,0,0,0,0,0
12825,2,0,0,1,0,0,0,0,0,0,0
12825,3,0,0,0,1,0,0,0,0,0,0
12825,4,0,0,0,0,1,0,0,0,0,0
12825,5,0,0,0,0,0,1,0,0,0,0
12825,6,0,0,0,0,0,0,1,0,0,0
12825,7,0,0,0,0,0,0,0,1,0,0
12825,8,0,0,0,0,0,0,0,0,1,0
12825,9,0,0,0,0,0,0,0,0,0,1
12915,1,0,1,0,0,0,0,0,0,0,0
12915,2,0,0,1,0,0,0,0,0,0,0
12915,3,0,0,0,1,0,0,0,0,0,0
12915,4,0,0,0,0,1,0,0,0,0,0
12915,5,0,0,0,0,0,1,0,0,0,0
12915,6,0,0,0,0,0,0,1,0,0,0
12915,7,0,0,0,0,0,0,0,1,0,0
12915,8,0,0,0,0,0,0,0,0,1,0
12915,9,0,0,0,0,0,0,0,0,0,1
13015,1,0,1,0,0,0,0,0,0,0,0
13015,2,0,0,1,0,0,0,0,0,0,0
13015,3,0,0,0,1,0,0,0,0,0,0
13015,4,1,0,0,0,1,0,0,0,0,0
13215,1,0,1,0,0,0,0,0,0,0,0
13215,2,0,0,1,0,0,0,0,0,0,0
13215,3,0,0,0,1,0,0,0,0,0,0
13215,4,0,0,0,0,1,0,0,0,0,0
13215,5,0,0,0,0,0,1,0,0,0,0
13215,6,0,0,0,0,0,0,1,0,0,0
13215,7,0,0,0,0,0,0,0,1,0,0
13215,8,0,0,0,0,0,0,0,0,1,0
13325,1,0,1,0,0,0,0,0,0,0,0
13325,2,0,0,1,0,0,0,0,0,0,0
13325,3,0,0,0,1,0,0,0,0,0,0
13325,4,0,0,0,0,1,0,0,0,0,0
13325,5,0,0,0,0,0,1,0,0,0,0
13325,6,0,0,0,0,0,0,1,0,0,0
13325,7,0,0,0,0,0,0,0,1,0,0
13325,8,0,0,0,0,0,0,0,0,1,0
13515,1,0,1,0,0,0,0,0,0,0,0
13515,2,0,0,1,0,0,0,0,0,0,0
13515,3,0,0,0,1,0,0,0,0,0,0
13515,4,0,0,0,0,1,0,0,0,0,0
13515,5,0,0,0,0,0,1,0,0,0,0
13515,6,0,0,0,0,0,0,1,0,0,0
13515,7,0,0,0,0,0,0,0,1,0,0
13515,8,1,0,0,0,0,0,0,0,1,0
13615,1,0,1,0,0,0,0,0,0,0,0
13615,2,0,0,1,0,0,0,0,0,0,0
13615,3,0,0,0,1,0,0,0,0,0,0
13615,4,0,0,0,0,1,0,0,0,0,0
13615,5,0,0,0,0,0,1,0,0,0,0
13615,6,0,0,0,0,0,0,1,0,0,0
13615,7,1,0,0,0,0,0,0,1,0,0
13715,1,0,1,0,0,0,0,0,0,0,0
13715,2,0,0,1,0,0,0,0,0,0,0
13715,3,0,0,0,1,0,0,0,0,0,0
13715,4,1,0,0,0,1,0,0,0,0,0
13815,1,0,1,0,0,0,0,0,0,0,0
13815,2,0,0,1,0,0,0,0,0,0,0
13815,3,0,0,0,1,0,0,0,0,0,0
13815,4,0,0,0,0,1,0,0,0,0,0
13815,5,0,0,0,0,0,1,0,0,0,0
13815,6,0,0,0,0,0,0,1,0,0,0
13815,7,0,0,0,0,0,0,0,1,0,0
13815,8,0,0,0,0,0,0,0,0,1,0
13815,9,1,0,0,0,0,0,0,0,0,1
13915,1,0,1,0,0,0,0,0,0,0,0
13915,2,0,0,1,0,0,0,0,0,0,0
13915,3,0,0,0,1,0,0,0,0,0,0
13915,4,0,0,0,0,1,0,0,0,0,0
13915,5,1,0,0,0,0,1,0,0,0,0
14015,1,0,1,0,0,0,0,0,0,0,0
14015,2,0,0,1,0,0,0,0,0,0,0
14015,3,0,0,0,1,0,0,0,0,0,0
14015,4,0,0,0,0,1,0,0,0,0,0
14015,5,0,0,0,0,0,1,0,0,0,0
14015,6,0,0,0,0,0,0,1,0,0,0
14015,7,1,0,0,0,0,0,0,1,0,0
14115,1,0,1,0,0,0,0,0,0,0,0
14115,2,1,0,1,0,0,0,0,0,0,0
14316,1,0,1,0,0,0,0,0,0,0,0
14316,2,0,0,1,0,0,0,0,0,0,0
14316,3,0,0,0,1,0,0,0,0,0,0
14316,4,0,0,0,0,1,0,0,0,0,0
14316,5,0,0,0,0,0,1,0,0,0,0
14316,6,1,0,0,0,0,0,1,0,0,0
14516,1,0,1,0,0,0,0,0,0,0,0
14516,2,0,0,1,0,0,0,0,0,0,0
14516,3,0,0,0,1,0,0,0,0,0,0
14516,4,0,0,0,0,1,0,0,0,0,0
14516,5,0,0,0,0,0,1,0,0,0,0
14616,1,0,1,0,0,0,0,0,0,0,0
14616,2,0,0,1,0,0,0,0,0,0,0
14616,3,0,0,0,1,0,0,0,0,0,0
14616,4,0,0,0,0,1,0,0,0,0,0
14616,5,0,0,0,0,0,1,0,0,0,0
14616,6,0,0,0,0,0,0,1,0,0,0
14616,7,1,0,0,0,0,0,0,1,0,0
14716,1,0,1,0,0,0,0,0,0,0,0
14716,2,0,0,1,0,0,0,0,0,0,0
14716,3,0,0,0,1,0,0,0,0,0,0
14716,4,0,0,0,0,1,0,0,0,0,0
14716,5,0,0,0,0,0,1,0,0,0,0
14716,6,0,0,0,0,0,0,1,0,0,0
14716,7,0,0,0,0,0,0,0,1,0,0
14716,8,0,0,0,0,0,0,0,0,1,0
15026,1,0,1,0,0,0,0,0,0,0,0
15026,2,0,0,1,0,0,0,0,0,0,0
15026,3,0,0,0,1,0,0,0,0,0,0
15026,4,0,0,0,0,1,0,0,0,0,0
15026,5,0,0,0,0,0,1,0,0,0,0
15026,6,1,0,0,0,0,0,1,0,0,0
15116,1,0,1,0,0,0,0,0,0,0,0
15116,2,0,0,1,0,0,0,0,0,0,0
15116,3,0,0,0,1,0,0,0,0,0,0
15116,4,0,0,0,0,1,0,0,0,0,0
15116,5,0,0,0,0,0,1,0,0,0,0
15116,6,0,0,0,0,0,0,1,0,0,0
15116,7,0,0,0,0,0,0,0,1,0,0
15116,8,1,0,0,0,0,0,0,0,1,0
15216,1,0,1,0,0,0,0,0,0,0,0
15216,2,0,0,1,0,0,0,0,0,0,0
15216,3,0,0,0,1,0,0,0,0,0,0
15216,4,0,0,0,0,1,0,0,0,0,0
15216,5,0,0,0,0,0,1,0,0,0,0
15216,6,1,0,0,0,0,0,1,0,0,0
15316,1,0,1,0,0,0,0,0,0,0,0
15316,2,0,0,1,0,0,0,0,0,0,0
15316,3,0,0,0,1,0,0,0,0,0,0
15316,4,1,0,0,0,1,0,0,0,0,0
15516,1,0,1,0,0,0,0,0,0,0,0
15516,2,0,0,1,0,0,0,0,0,0,0
15516,3,0,0,0,1,0,0,0,0,0,0
15516,4,0,0,0,0,1,0,0,0,0,0
15516,5,0,0,0,0,0,1,0,0,0,0
15616,1,0,1,0,0,0,0,0,0,0,0
15616,2,0,0,1,0,0,0,0,0,0,0
15616,3,0,0,0,1,0,0,0,0,0,0
15616,4,0,0,0,0,1,0,0,0,0,0
15616,5,0,0,0,0,0,1,0,0,0,0
15616,6,1,0,0,0,0,0,1,0,0,0
15716,1,0,1,0,0,0,0,0,0,0,0
15716,2,0,0,1,0,0,0,0,0,0,0
15716,3,0,0,0,1,0,0,0,0,0,0
15716,4,0,0,0,0,1,0,0,0,0,0
15716,5,0,0,0,0,0,1,0,0,0,0
15716,6,1,0,0,0,0,0,1,0,0,0
15826,1,0,1,0,0,0,0,0,0,0,0
15826,2,0,0,1,0,0,0,0,0,0,0
15826,3,0,0,0,1,0,0,0,0,0,0
15826,4,0,0,0,0,1,0,0,0,0,0
15826,5,0,0,0,0,0,1,0,0,0,0
15826,6,1,0,0,0,0,0,1,0,0,0
16016,1,0,1,0,0,0,0,0,0,0,0
16016,2,0,0,1,0,0,0,0,0,0,0
16016,3,0,0,0,1,0,0,0,0,0,0
16016,4,1,0,0,0,1,0,0,0,0,0
16216,1,0,1,0,0,0,0,0,0,0,0
16216,2,0,0,1,0,0,0,0,0,0,0
16216,3,0,0,0,1,0,0,0,0,0,0
16216,4,0,0,0,0,1,0,0,0,0,0
16216,5,0,0,0,0,0,1,0,0,0,0
16216,6,0,0,0,0,0,0,1,0,0,0
16216,7,0,0,0,0,0,0,0,1,0,0
16216,8,0,0,0,0,0,0,0,0,1,0
16216,9,0,0,0,0,0,0,0,0,0,1
16316,1,0,1,0,0,0,0,0,0,0,0
16316,2,0,0,1,0,0,0,0,0,0,0
16316,3,0,0,0,1,0,0,0,0,0,0
16316,4,0,0,0,0,1,0,0,0,0,0
16316,5,0,0,0,0,0,1,0,0,0,0
16316,6,0,0,0,0,0,0,1,0,0,0
16416,1,0,1,0,0,0,0,0,0,0,0
16416,2,0,0,1,0,0,0,0,0,0,0
16416,3,0,0,0,1,0,0,0,0,0,0
16416,4,0,0,0,0,1,0,0,0,0,0
16416,5,0,0,0,0,0,1,0,0,0,0
16416,6,0,0,0,0,0,0,1,0,0,0
16416,7,0,0,0,0,0,0,0,1,0,0
16416,8,0,0,0,0,0,0,0,0,1,0
16516,1,0,1,0,0,0,0,0,0,0,0
16516,2,0,0,1,0,0,0,0,0,0,0
16516,3,1,0,0,1,0,0,0,0,0,0
16616,1,0,1,0,0,0,0,0,0,0,0
16616,2,0,0,1,0,0,0,0,0,0,0
16616,3,0,0,0,1,0,0,0,0,0,0
16616,4,0,0,0,0,1,0,0,0,0,0
16616,5,1,0,0,0,0,1,0,0,0,0
16916,1,0,1,0,0,0,0,0,0,0,0
16916,2,0,0,1,0,0,0,0,0,0,0
16916,3,1,0,0,1,0,0,0,0,0,0
17126,1,0,1,0,0,0,0,0,0,0,0
17126,2,0,0,1,0,0,0,0,0,0,0
17126,3,0,0,0,1,0,0,0,0,0,0
17126,4,0,0,0,0,1,0,0,0,0,0
17126,5,0,0,0,0,0,1,0,0,0,0
17126,6,0,0,0,0,0,0,1,0,0,0
17126,7,0,0,0,0,0,0,0,1,0,0
17126,8,1,0,0,0,0,0,0,0,1,0
17417,1,0,1,0,0,0,0,0,0,0,0
17417,2,0,0,1,0,0,0,0,0,0,0
17417,3,0,0,0,1,0,0,0,0,0,0
17417,4,0,0,0,0,1,0,0,0,0,0
17417,5,0,0,0,0,0,1,0,0,0,0
17417,6,1,0,0,0,0,0,1,0,0,0
17517,1,0,1,0,0,0,0,0,0,0,0
17517,2,0,0,1,0,0,0,0,0,0,0
17517,3,0,0,0,1,0,0,0,0,0,0
17517,4,0,0,0,0,1,0,0,0,0,0
17517,5,0,0,0,0,0,1,0,0,0,0
17517,6,0,0,0,0,0,0,1,0,0,0
17717,1,0,1,0,0,0,0,0,0,0,0
17717,2,0,0,1,0,0,0,0,0,0,0
17717,3,0,0,0,1,0,0,0,0,0,0
17717,4,1,0,0,0,1,0,0,0,0,0
17817,1,1,1,0,0,0,0,0,0,0,0
17917,1,0,1,0,0,0,0,0,0,0,0
17917,2,0,0,1,0,0,0,0,0,0,0
17917,3,0,0,0,1,0,0,0,0,0,0
17917,4,0,0,0,0,1,0,0,0,0,0
18117,1,0,1,0,0,0,0,0,0,0,0
18117,2,0,0,1,0,0,0,0,0,0,0
18117,3,0,0,0,1,0,0,0,0,0,0
18117,4,0,0,0,0,1,0,0,0,0,0
18117,5,0,0,0,0,0,1,0,0,0,0
18217,1,0,1,0,0,0,0,0,0,0,0
18217,2,0,0,1,0,0,0,0,0,0,0
18217,3,0,0,0,1,0,0,0,0,0,0
18217,4,0,0,0,0,1,0,0,0,0,0
18217,5,0,0,0,0,0,1,0,0,0,0
18217,6,1,0,0,0,0,0,1,0,0,0
18317,1,0,1,0,0,0,0,0,0,0,0
18317,2,0,0,1,0,0,0,0,0,0,0
18317,3,0,0,0,1,0,0,0,0,0,0
18317,4,0,0,0,0,1,0,0,0,0,0
18317,5,0,0,0,0,0,1,0,0,0,0
18317,6,0,0,0,0,0,0,1,0,0,0
18317,7,1,0,0,0,0,0,0,1,0,0
18517,1,0,1,0,0,0,0,0,0,0,0
18517,2,0,0,1,0,0,0,0,0,0,0
18517,3,0,0,0,1,0,0,0,0,0,0
18517,4,0,0,0,0,1,0,0,0,0,0
18517,5,0,0,0,0,0,1,0,0,0,0
18517,6,0,0,0,0,0,0,1,0,0,0
18517,7,0,0,0,0,0,0,0,1,0,0
18617,1,0,1,0,0,0,0,0,0,0,0
18617,2,0,0,1,0,0,0,0,0,0,0
18617,3,0,0,0,1,0,0,0,0,0,0
18617,4,0,0,0,0,1,0,0,0,0,0
18617,5,0,0,0,0,0,1,0,0,0,0
18617,6,1,0,0,0,0,0,1,0,0,0
18717,1,0,1,0,0,0,0,0,0,0,0
18717,2,0,0,1,0,0,0,0,0,0,0
18717,3,0,0,0,1,0,0,0,0,0,0
18717,4,1,0,0,0,1,0,0,0,0,0
18817,1,0,1,0,0,0,0,0,0,0,0
18817,2,0,0,1,0,0,0,0,0,0,0
18817,3,1,0,0,1,0,0,0,0,0,0
18917,1,0,1,0,0,0,0,0,0,0,0
18917,2,0,0,1,0,0,0,0,0,0,0
18917,3,0,0,0,1,0,0,0,0,0,0
18917,4,0,0,0,0,1,0,0,0,0,0
18917,5,0,0,0,0,0,1,0,0,0,0
19217,1,0,1,0,0,0,0,0,0,0,0
19217,2,0,0,1,0,0,0,0,0,0,0
19217,3,0,0,0,1,0,0,0,0,0,0
19217,4,0,0,0,0,1,0,0,0,0,0
19217,5,0,0,0,0,0,1,0,0,0,0
19217,6,0,0,0,0,0,0,1,0,0,0
19417,1,0,1,0,0,0,0,0,0,0,0
19417,2,0,0,1,0,0,0,0,0,0,0
19417,3,0,0,0,1,0,0,0,0,0,0
19417,4,0,0,0,0,1,0,0,0,0,0
19417,5,1,0,0,0,0,1,0,0,0,0
19517,1,0,1,0,0,0,0,0,0,0,0
19517,2,0,0,1,0,0,0,0,0,0,0
19517,3,0,0,0,1,0,0,0,0,0,0
19517,4,0,0,0,0,1,0,0,0,0,0
19517,5,0,0,0,0,0,1,0,0,0,0
19517,6,1,0,0,0,0,0,1,0,0,0
19617,1,0,1,0,0,0,0,0,0,0,0
19617,2,0,0,1,0,0,0,0,0,0,0
19617,3,0,0,0,1,0,0,0,0,0,0
19617,4,0,0,0,0,1,0,0,0,0,0
19617,5,0,0,0,0,0,1,0,0,0,0
19617,6,1,0,0,0,0,0,1,0,0,0
19717,1,0,1,0,0,0,0,0,0,0,0
19717,2,0,0,1,0,0,0,0,0,0,0
19717,3,0,0,0,1,0,0,0,0,0,0
19717,4,0,0,0,0,1,0,0,0,0,0
19717,5,0,0,0,0,0,1,0,0,0,0
19717,6,0,0,0,0,0,0,1,0,0,0
19717,7,0,0,0,0,0,0,0,1,0,0
19818,1,0,1,0,0,0,0,0,0,0,0
19818,2,0,0,1,0,0,0,0,0,0,0
19818,3,0,0,0,1,0,0,0,0,0,0
19818,4,0,0,0,0,1,0,0,0,0,0
19818,5,0,0,0,0,0,1,0,0,0,0
19818,6,1,0,0,0,0,0,1,0,0,0
20118,1,0,1,0,0,0,0,0,0,0,0
20118,2,0,0,1,0,0,0,0,0,0,0
20118,3,0,0,0,1,0,0,0,0,0,0
20118,4,0,0,0,0,1,0,0,0,0,0
20218,1,0,1,0,0,0,0,0,0,0,0
20418,1,0,1,0,0,0,0,0,0,0,0
20418,2,0,0,1,0,0,0,0,0,0,0
20418,3,0,0,0,1,0,0,0,0,0,0
20418,4,0,0,0,0,1,0,0,0,0,0
20418,5,0,0,0,0,0,1,0,0,0,0
20418,6,1,0,0,0,0,0,1,0,0,0
20518,1,0,1,0,0,0,0,0,0,0,0
20518,2,0,0,1,0,0,0,0,0,0,0
20518,3,0,0,0,1,0,0,0,0,0,0
20518,4,1,0,0,0,1,0,0,0,0,0
20718,1,0,1,0,0,0,0,0,0,0,0
20718,2,0,0,1,0,0,0,0,0,0,0
20718,3,0,0,0,1,0,0,0,0,0,0
20718,4,0,0,0,0,1,0,0,0,0,0
20718,5,0,0,0,0,0,1,0,0,0,0
20718,6,1,0,0,0,0,0,1,0,0,0
20918,1,0,1,0,0,0,0,0,0,0,0
20918,2,0,0,1,0,0,0,0,0,0,0
20918,3,0,0,0,1,0,0,0,0,0,0
21118,1,0,1,0,0,0,0,0,0,0,0
21118,2,0,0,1,0,0,0,0,0,0,0
21228,1,0,1,0,0,0,0,0,0,0,0
21228,2,0,0,1,0,0,0,0,0,0,0
21228,3,0,0,0,1,0,0,0,0,0,0
21228,4,0,0,0,0,1,0,0,0,0,0
21228,5,1,0,0,0,0,1,0,0,0,0
21318,1,0,1,0,0,0,0,0,0,0,0
21318,2,0,0,1,0,0,0,0,0,0,0
21318,3,0,0,0,1,0,0,0,0,0,0
21318,4,0,0,0,0,1,0,0,0,0,0
21318,5,0,0,0,0,0,1,0,0,0,0
21318,6,0,0,0,0,0,0,1,0,0,0
21518,1,0,1,0,0,0,0,0,0,0,0
21518,2,0,0,1,0,0,0,0,0,0,0
21518,3,0,0,0,1,0,0,0,0,0,0
21518,4,0,0,0,0,1,0,0,0,0,0
21518,5,0,0,0,0,0,1,0,0,0,0
21518,6,0,0,0,0,0,0,1,0,0,0
21518,7,1,0,0,0,0,0,0,1,0,0
21618,1,0,1,0,0,0,0,0,0,0,0
21618,2,0,0,1,0,0,0,0,0,0,0
21618,3,0,0,0,1,0,0,0,0,0,0
21618,4,0,0,0,0,1,0,0,0,0,0
21618,5,0,0,0,0,0,1,0,0,0,0
21618,6,0,0,0,0,0,0,1,0,0,0
21618,7,0,0,0,0,0,0,0,1,0,0
21918,1,0,1,0,0,0,0,0,0,0,0
21918,2,0,0,1,0,0,0,0,0,0,0
21918,3,0,0,0,1,0,0,0,0,0,0
21918,4,0,0,0,0,1,0,0,0,0,0
21918,5,0,0,0,0,0,1,0,0,0,0
21918,6,0,0,0,0,0,0,1,0,0,0
22018,1,0,1,0,0,0,0,0,0,0,0
22018,2,0,0,1,0,0,0,0,0,0,0
22018,3,0,0,0,1,0,0,0,0,0,0
22018,4,0,0,0,0,1,0,0,0,0,0
22018,5,0,0,0,0,0,1,0,0,0,0
22018,6,1,0,0,0,0,0,1,0,0,0
22138,1,0,1,0,0,0,0,0,0,0,0
22138,2,0,0,1,0,0,0,0,0,0,0
22318,1,0,1,0,0,0,0,0,0,0,0
22318,2,0,0,1,0,0,0,0,0,0,0
22318,3,0,0,0,1,0,0,0,0,0,0
22318,4,0,0,0,0,1,0,0,0,0,0
22318,5,0,0,0,0,0,1,0,0,0,0
22418,1,0,1,0,0,0,0,0,0,0,0
22418,2,0,0,1,0,0,0,0,0,0,0
22418,3,0,0,0,1,0,0,0,0,0,0
22418,4,0,0,0,0,1,0,0,0,0,0
22518,1,0,1,0,0,0,0,0,0,0,0
22518,2,0,0,1,0,0,0,0,0,0,0
22518,3,0,0,0,1,0,0,0,0,0,0
22518,4,0,0,0,0,1,0,0,0,0,0
22518,5,0,0,0,0,0,1,0,0,0,0
22518,6,0,0,0,0,0,0,1,0,0,0
22718,1,0,1,0,0,0,0,0,0,0,0
22718,2,0,0,1,0,0,0,0,0,0,0
22718,3,0,0,0,1,0,0,0,0,0,0
22718,4,0,0,0,0,1,0,0,0,0,0
22718,5,0,0,0,0,0,1,0,0,0,0
22918,1,0,1,0,0,0,0,0,0,0,0
22918,2,0,0,1,0,0,0,0,0,0,0
22918,3,0,0,0,1,0,0,0,0,0,0
22918,4,0,0,0,0,1,0,0,0,0,0
22918,5,1,0,0,0,0,1,0,0,0,0
22919,1,0,1,0,0,0,0,0,0,0,0
22919,2,0,0,1,0,0,0,0,0,0,0
22919,3,0,0,0,1,0,0,0,0,0,0
22919,4,0,0,0,0,1,0,0,0,0,0
22919,5,1,0,0,0,0,1,0,0,0,0
23019,1,0,1,0,0,0,0,0,0,0,0
23019,2,0,0,1,0,0,0,0,0,0,0
23019,3,0,0,0,1,0,0,0,0,0,0
23019,4,0,0,0,0,1,0,0,0,0,0
23019,5,0,0,0,0,0,1,0,0,0,0
23019,6,1,0,0,0,0,0,1,0,0,0
23119,1,0,1,0,0,0,0,0,0,0,0
23119,2,0,0,1,0,0,0,0,0,0,0
23119,3,1,0,0,1,0,0,0,0,0,0
23219,1,0,1,0,0,0,0,0,0,0,0
23219,2,0,0,1,0,0,0,0,0,0,0
23219,3,0,0,0,1,0,0,0,0,0,0
23219,4,0,0,0,0,1,0,0,0,0,0
23219,5,0,0,0,0,0,1,0,0,0,0
23429,1,0,1,0,0,0,0,0,0,0,0
23429,2,0,0,1,0,0,0,0,0,0,0
23519,1,0,1,0,0,0,0,0,0,0,0
23519,2,0,0,1,0,0,0,0,0,0,0
23519,3,0,0,0,1,0,0,0,0,0,0
23519,4,0,0,0,0,1,0,0,0,0,0
23519,5,0,0,0,0,0,1,0,0,0,0
23519,6,0,0,0,0,0,0,1,0,0,0
23619,1,0,1,0,0,0,0,0,0,0,0
23619,2,0,0,1,0,0,0,0,0,0,0
23619,3,0,0,0,1,0,0,0,0,0,0
23619,4,0,0,0,0,1,0,0,0,0,0
23619,5,0,0,0,0,0,1,0,0,0,0
23619,6,0,0,0,0,0,0,1,0,0,0
23619,7,1,0,0,0,0,0,0,1,0,0
23719,1,0,1,0,0,0,0,0,0,0,0
23719,2,0,0,1,0,0,0,0,0,0,0
23719,3,1,0,0,1,0,0,0,0,0,0
23819,1,0,1,0,0,0,0,0,0,0,0
23819,2,0,0,1,0,0,0,0,0,0,0
23819,3,0,0,0,1,0,0,0,0,0,0
23819,4,0,0,0,0,1,0,0,0,0,0
23819,5,0,0,0,0,0,1,0,0,0,0
23919,1,0,1,0,0,0,0,0,0,0,0
23919,2,0,0,1,0,0,0,0,0,0,0
23919,3,0,0,0,1,0,0,0,0,0,0
23919,4,0,0,0,0,1,0,0,0,0,0
23919,5,1,0,0,0,0,1,0,0,0,0
24119,1,0,1,0,0,0,0,0,0,0,0
24119,2,0,0,1,0,0,0,0,0,0,0
24119,3,0,0,0,1,0,0,0,0,0,0
24119,4,1,0,0,0,1,0,0,0,0,0
24319,1,0,1,0,0,0,0,0,0,0,0
24319,2,0,0,1,0,0,0,0,0,0,0
24319,3,0,0,0,1,0,0,0,0,0,0
24319,4,0,0,0,0,1,0,0,0,0,0
24319,5,0,0,0,0,0,1,0,0,0,0
24319,6,0,0,0,0,0,0,1,0,0,0
24419,1,0,1,0,0,0,0,0,0,0,0
24419,2,0,0,1,0,0,0,0,0,0,0
24419,3,0,0,0,1,0,0,0,0,0,0
24419,4,0,0,0,0,1,0,0,0,0,0
24419,5,0,0,0,0,0,1,0,0,0,0
24519,1,0,1,0,0,0,0,0,0,0,0
24519,2,0,0,1,0,0,0,0,0,0,0
24519,3,0,0,0,1,0,0,0,0,0,0
24519,4,0,0,0,0,1,0,0,0,0,0
24519,5,0,0,0,0,0,1,0,0,0,0
24819,1,0,1,0,0,0,0,0,0,0,0
24819,2,0,0,1,0,0,0,0,0,0,0
24819,3,0,0,0,1,0,0,0,0,0,0
24819,4,0,0,0,0,1,0,0,0,0,0
24819,5,0,0,0,0,0,1,0,0,0,0
24919,1,0,1,0,0,0,0,0,0,0,0
24919,2,0,0,1,0,0,0,0,0,0,0
24919,3,0,0,0,1,0,0,0,0,0,0
24919,4,0,0,0,0,1,0,0,0,0,0
25119,1,0,1,0,0,0,0,0,0,0,0
25119,2,0,0,1,0,0,0,0,0,0,0
25119,3,0,0,0,1,0,0,0,0,0,0
25219,1,0,1,0,0,0,0,0,0,0,0
25219,2,0,0,1,0,0,0,0,0,0,0
25219,3,0,0,0,1,0,0,0,0,0,0
25219,4,0,0,0,0,1,0,0,0,0,0
25419,1,0,1,0,0,0,0,0,0,0,0
25419,2,0,0,1,0,0,0,0,0,0,0
25419,3,0,0,0,1,0,0,0,0,0,0
25419,4,0,0,0,0,1,0,0,0,0,0
25419,5,1,0,0,0,0,1,0,0,0,0
25519,1,0,1,0,0,0,0,0,0,0,0
25519,2,0,0,1,0,0,0,0,0,0,0
25519,3,0,0,0,1,0,0,0,0,0,0
25619,1,0,1,0,0,0,0,0,0,0,0
25619,2,0,0,1,0,0,0,0,0,0,0
25619,3,0,0,0,1,0,0,0,0,0,0
25619,4,0,0,0,0,1,0,0,0,0,0
25619,5,1,0,0,0,0,1,0,0,0,0
25810,1,0,1,0,0,0,0,0,0,0,0
25810,2,0,0,1,0,0,0,0,0,0,0
25910,1,0,1,0,0,0,0,0,0,0,0
25910,2,0,0,1,0,0,0,0,0,0,0
25910,3,0,0,0,1,0,0,0,0,0,0
25910,4,0,0,0,0,1,0,0,0,0,0
25910,5,1,0,0,0,0,1,0,0,0,0
26010,1,0,1,0,0,0,0,0,0,0,0
26010,2,0,0,1,0,0,0,0,0,0,0
26110,1,0,1,0,0,0,0,0,0,0,0
26110,2,0,0,1,0,0,0,0,0,0,0
26110,3,0,0,0,1,0,0,0,0,0,0
26110,4,0,0,0,0,1,0,0,0,0,0
26110,5,0,0,0,0,0,1,0,0,0,0
26110,6,1,0,0,0,0,0,1,0,0,0
26610,1,0,1,0,0,0,0,0,0,0,0
26610,2,0,0,1,0,0,0,0,0,0,0
26610,3,0,0,0,1,0,0,0,0,0,0
26610,4,0,0,0,0,1,0,0,0,0,0
26610,5,0,0,0,0,0,1,0,0,0,0
26610,6,0,0,0,0,0,0,1,0,0,0
26610,7,1,0,0,0,0,0,0,1,0,0
26910,1,0,1,0,0,0,0,0,0,0,0
26910,2,0,0,1,0,0,0,0,0,0,0
26910,3,0,0,0,1,0,0,0,0,0,0
26910,4,0,0,0,0,1,0,0,0,0,0
26910,5,0,0,0,0,0,1,0,0,0,0
26910,6,1,0,0,0,0,0,1,0,0,0
27210,1,0,1,0,0,0,0,0,0,0,0
27210,2,0,0,1,0,0,0,0,0,0,0
27210,3,0,0,0,1,0,0,0,0,0,0
27210,4,0,0,0,0,1,0,0,0,0,0
27210,5,0,0,0,0,0,1,0,0,0,0
27210,6,0,0,0,0,0,0,1,0,0,0
27210,7,0,0,0,0,0,0,0,1,0,0
27210,8,0,0,0,0,0,0,0,0,1,0
27210,9,0,0,0,0,0,0,0,0,0,1
27310,1,0,1,0,0,0,0,0,0,0,0
27310,2,0,0,1,0,0,0,0,0,0,0
27310,3,0,0,0,1,0,0,0,0,0,0
27310,4,0,0,0,0,1,0,0,0,0,0
27310,5,0,0,0,0,0,1,0,0,0,0
27310,6,0,0,0,0,0,0,1,0,0,0
27310,7,1,0,0,0,0,0,0,1,0,0
27410,1,0,1,0,0,0,0,0,0,0,0
27410,2,0,0,1,0,0,0,0,0,0,0
27410,3,0,0,0,1,0,0,0,0,0,0
27510,1,0,1,0,0,0,0,0,0,0,0
27510,2,0,0,1,0,0,0,0,0,0,0
27510,3,0,0,0,1,0,0,0,0,0,0
27510,4,0,0,0,0,1,0,0,0,0,0
27510,5,0,0,0,0,0,1,0,0,0,0
27510,6,0,0,0,0,0,0,1,0,0,0
27510,7,1,0,0,0,0,0,0,1,0,0
27810,1,0,1,0,0,0,0,0,0,0,0
27810,2,0,0,1,0,0,0,0,0,0,0
27810,3,0,0,0,1,0,0,0,0,0,0
27810,4,0,0,0,0,1,0,0,0,0,0
27810,5,0,0,0,0,0,1,0,0,0,0
27810,6,1,0,0,0,0,0,1,0,0,0
28010,1,0,1,0,0,0,0,0,0,0,0
28010,2,0,0,1,0,0,0,0,0,0,0
28010,3,0,0,0,1,0,0,0,0,0,0
28010,4,0,0,0,0,1,0,0,0,0,0
28010,5,0,0,0,0,0,1,0,0,0,0
28010,6,1,0,0,0,0,0,1,0,0,0
28310,1,0,1,0,0,0,0,0,0,0,0
28310,2,0,0,1,0,0,0,0,0,0,0
28310,3,0,0,0,1,0,0,0,0,0,0
28310,4,0,0,0,0,1,0,0,0,0,0
28310,5,0,0,0,0,0,1,0,0,0,0
28310,6,0,0,0,0,0,0,1,0,0,0
28310,7,0,0,0,0,0,0,0,1,0,0
28310,8,0,0,0,0,0,0,0,0,1,0
28310,9,0,0,0,0,0,0,0,0,0,1
28410,1,0,1,0,0,0,0,0,0,0,0
28410,2,0,0,1,0,0,0,0,0,0,0
28410,3,0,0,0,1,0,0,0,0,0,0
28410,4,0,0,0,0,1,0,0,0,0,0
28410,5,0,0,0,0,0,1,0,0,0,0
28410,6,0,0,0,0,0,0,1,0,0,0
28410,7,1,0,0,0,0,0,0,1,0,0
28520,1,0,1,0,0,0,0,0,0,0,0
28520,2,0,0,1,0,0,0,0,0,0,0
28520,3,0,0,0,1,0,0,0,0,0,0
28520,4,0,0,0,0,1,0,0,0,0,0
28520,5,0,0,0,0,0,1,0,0,0,0
28520,6,1,0,0,0,0,0,1,0,0,0
28710,1,0,1,0,0,0,0,0,0,0,0
28710,2,0,0,1,0,0,0,0,0,0,0
28710,3,0,0,0,1,0,0,0,0,0,0
28710,4,0,0,0,0,1,0,0,0,0,0
28710,5,1,0,0,0,0,1,0,0,0,0
29210,1,0,1,0,0,0,0,0,0,0,0
29210,2,0,0,1,0,0,0,0,0,0,0
29210,3,0,0,0,1,0,0,0,0,0,0
29210,4,0,0,0,0,1,0,0,0,0,0
29210,5,0,0,0,0,0,1,0,0,0,0
29210,6,0,0,0,0,0,0,1,0,0,0
29210,7,0,0,0,0,0,0,0,1,0,0
29210,8,0,0,0,0,0,0,0,0,1,0
29210,9,1,0,0,0,0,0,0,0,0,1
29810,1,0,1,0,0,0,0,0,0,0,0
29810,2,0,0,1,0,0,0,0,0,0,0
29810,3,0,0,0,1,0,0,0,0,0,0
29810,4,1,0,0,0,1,0,0,0,0,0
30010,1,0,1,0,0,0,0,0,0,0,0
30010,2,0,0,1,0,0,0,0,0,0,0
30010,3,0,0,0,1,0,0,0,0,0,0
30010,4,1,0,0,0,1,0,0,0,0,0
30510,1,0,1,0,0,0,0,0,0,0,0
30510,2,0,0,1,0,0,0,0,0,0,0
30510,3,0,0,0,1,0,0,0,0,0,0
30510,4,0,0,0,0,1,0,0,0,0,0
30510,5,0,0,0,0,0,1,0,0,0,0
30510,6,0,0,0,0,0,0,1,0,0,0
30510,7,0,0,0,0,0,0,0,1,0,0
30510,8,1,0,0,0,0,0,0,0,1,0
30810,1,0,1,0,0,0,0,0,0,0,0
30810,2,0,0,1,0,0,0,0,0,0,0
30810,3,0,0,0,1,0,0,0,0,0,0
30810,4,0,0,0,0,1,0,0,0,0,0
30810,5,1,0,0,0,0,1,0,0,0,0
30910,1,0,1,0,0,0,0,0,0,0,0
30910,2,0,0,1,0,0,0,0,0,0,0
30910,3,0,0,0,1,0,0,0,0,0,0
30910,4,1,0,0,0,1,0,0,0,0,0
31010,1,0,1,0,0,0,0,0,0,0,0
31010,2,0,0,1,0,0,0,0,0,0,0
31010,3,0,0,0,1,0,0,0,0,0,0
31010,4,0,0,0,0,1,0,0,0,0,0
31010,5,1,0,0,0,0,1,0,0,0,0
31110,1,0,1,0,0,0,0,0,0,0,0
31110,2,0,0,1,0,0,0,0,0,0,0
31110,3,0,0,0,1,0,0,0,0,0,0
31110,4,0,0,0,0,1,0,0,0,0,0
31110,5,0,0,0,0,0,1,0,0,0,0
31110,6,0,0,0,0,0,0,1,0,0,0
32110,1,0,1,0,0,0,0,0,0,0,0
32110,2,0,0,1,0,0,0,0,0,0,0
32110,3,0,0,0,1,0,0,0,0,0,0
32110,4,0,0,0,0,1,0,0,0,0,0
32110,5,1,0,0,0,0,1,0,0,0,0
32510,1,0,1,0,0,0,0,0,0,0,0
32510,2,0,0,1,0,0,0,0,0,0,0
32510,3,1,0,0,1,0,0,0,0,0,0
33210,1,0,1,0,0,0,0,0,0,0,0
33210,2,0,0,1,0,0,0,0,0,0,0
33210,3,0,0,0,1,0,0,0,0,0,0
33210,4,0,0,0,0,1,0,0,0,0,0
33210,5,0,0,0,0,0,1,0,0,0,0
33210,6,0,0,0,0,0,0,1,0,0,0
33210,7,1,0,0,0,0,0,0,1,0,0
33510,1,0,1,0,0,0,0,0,0,0,0
33510,2,0,0,1,0,0,0,0,0,0,0
33510,3,0,0,0,1,0,0,0,0,0,0
33510,4,0,0,0,0,1,0,0,0,0,0
33510,5,0,0,0,0,0,1,0,0,0,0
33510,6,0,0,0,0,0,0,1,0,0,0
33510,7,0,0,0,0,0,0,0,1,0,0
33510,8,0,0,0,0,0,0,0,0,1,0
33510,9,0,0,0,0,0,0,0,0,0,1
33610,1,0,1,0,0,0,0,0,0,0,0
33910,1,0,1,0,0,0,0,0,0,0,0
33910,2,0,0,1,0,0,0,0,0,0,0
33910,3,1,0,0,1,0,0,0,0,0,0
34110,1,0,1,0,0,0,0,0,0,0,0
34110,2,0,0,1,0,0,0,0,0,0,0
34110,3,0,0,0,1,0,0,0,0,0,0
34110,4,0,0,0,0,1,0,0,0,0,0
34110,5,1,0,0,0,0,1,0,0,0,0
34210,1,0,1,0,0,0,0,0,0,0,0
34210,2,0,0,1,0,0,0,0,0,0,0
34210,3,0,0,0,1,0,0,0,0,0,0
34210,4,0,0,0,0,1,0,0,0,0,0
34210,5,0,0,0,0,0,1,0,0,0,0
34210,6,0,0,0,0,0,0,1,0,0,0
34210,7,1,0,0,0,0,0,0,1,0,0
34320,1,0,1,0,0,0,0,0,0,0,0
34320,2,0,0,1,0,0,0,0,0,0,0
34320,3,0,0,0,1,0,0,0,0,0,0
34320,4,0,0,0,0,1,0,0,0,0,0
34320,5,0,0,0,0,0,1,0,0,0,0
34320,6,0,0,0,0,0,0,1,0,0,0
34320,7,0,0,0,0,0,0,0,1,0,0
34320,8,1,0,0,0,0,0,0,0,1,0
34410,1,0,1,0,0,0,0,0,0,0,0
34410,2,0,0,1,0,0,0,0,0,0,0
34410,3,0,0,0,1,0,0,0,0,0,0
34410,4,0,0,0,0,1,0,0,0,0,0
34410,5,1,0,0,0,0,1,0,0,0,0
34510,1,0,1,0,0,0,0,0,0,0,0
34510,2,0,0,1,0,0,0,0,0,0,0
34510,3,0,0,0,1,0,0,0,0,0,0
34510,4,0,0,0,0,1,0,0,0,0,0
34510,5,0,0,0,0,0,1,0,0,0,0
34510,6,0,0,0,0,0,0,1,0,0,0
34510,7,0,0,0,0,0,0,0,1,0,0
34510,8,0,0,0,0,0,0,0,0,1,0
34620,1,0,1,0,0,0,0,0,0,0,0
34620,2,0,0,1,0,0,0,0,0,0,0
34620,3,0,0,0,1,0,0,0,0,0,0
34620,4,0,0,0,0,1,0,0,0,0,0
34620,5,0,0,0,0,0,1,0,0,0,0
34620,6,1,0,0,0,0,0,1,0,0,0
34720,1,0,1,0,0,0,0,0,0,0,0
34720,2,0,0,1,0,0,0,0,0,0,0
34720,3,0,0,0,1,0,0,0,0,0,0
34720,4,0,0,0,0,1,0,0,0,0,0
34720,5,0,0,0,0,0,1,0,0,0,0
34720,6,0,0,0,0,0,0,1,0,0,0
34720,7,0,0,0,0,0,0,0,1,0,0
34720,8,0,0,0,0,0,0,0,0,1,0
34720,9,0,0,0,0,0,0,0,0,0,1
34910,1,0,1,0,0,0,0,0,0,0,0
34910,2,0,0,1,0,0,0,0,0,0,0
34910,3,0,0,0,1,0,0,0,0,0,0
34910,4,0,0,0,0,1,0,0,0,0,0
34910,5,1,0,0,0,0,1,0,0,0,0
35010,1,0,1,0,0,0,0,0,0,0,0
35010,2,0,0,1,0,0,0,0,0,0,0
35010,3,0,0,0,1,0,0,0,0,0,0
35010,4,1,0,0,0,1,0,0,0,0,0
35220,1,0,1,0,0,0,0,0,0,0,0
35220,2,0,0,1,0,0,0,0,0,0,0
35220,3,0,0,0,1,0,0,0,0,0,0
35220,4,0,0,0,0,1,0,0,0,0,0
35220,5,0,0,0,0,0,1,0,0,0,0
35220,6,1,0,0,0,0,0,1,0,0,0
35310,1,0,1,0,0,0,0,0,0,0,0
35310,2,0,0,1,0,0,0,0,0,0,0
35310,3,0,0,0,1,0,0,0,0,0,0
35310,4,0,0,0,0,1,0,0,0,0,0
35310,5,0,0,0,0,0,1,0,0,0,0
35310,6,1,0,0,0,0,0,1,0,0,0
35410,1,0,1,0,0,0,0,0,0,0,0
35410,2,0,0,1,0,0,0,0,0,0,0
35410,3,0,0,0,1,0,0,0,0,0,0
35410,4,0,0,0,0,1,0,0,0,0,0
35510,1,0,1,0,0,0,0,0,0,0,0
35610,1,0,1,0,0,0,0,0,0,0,0
35610,2,0,0,1,0,0,0,0,0,0,0
35610,3,0,0,0,1,0,0,0,0,0,0
35610,4,0,0,0,0,1,0,0,0,0,0
35610,5,0,0,0,0,0,1,0,0,0,0
35610,6,0,0,0,0,0,0,1,0,0,0
35610,7,0,0,0,0,0,0,0,1,0,0
36110,1,0,1,0,0,0,0,0,0,0,0
36110,2,0,0,1,0,0,0,0,0,0,0
36110,3,0,0,0,1,0,0,0,0,0,0
36110,4,0,0,0,0,1,0,0,0,0,0
36110,5,0,0,0,0,0,1,0,0,0,0
36110,6,0,0,0,0,0,0,1,0,0,0
36110,7,0,0,0,0,0,0,0,1,0,0
36510,1,0,1,0,0,0,0,0,0,0,0
36510,2,0,0,1,0,0,0,0,0,0,0
36510,3,0,0,0,1,0,0,0,0,0,0
36510,4,0,0,0,0,1,0,0,0,0,0
36510,5,1,0,0,0,0,1,0,0,0,0
36710,1,0,1,0,0,0,0,0,0,0,0
36710,2,0,0,1,0,0,0,0,0,0,0
36710,3,0,0,0,1,0,0,0,0,0,0
36710,4,0,0,0,0,1,0,0,0,0,0
36710,5,0,0,0,0,0,1,0,0,0,0
36710,6,0,0,0,0,0,0,1,0,0,0
36710,7,0,0,0,0,0,0,0,1,0,0
36710,8,1,0,0,0,0,0,0,0,1,0
36910,1,0,1,0,0,0,0,0,0,0,0
36910,2,0,0,1,0,0,0,0,0,0,0
36910,3,0,0,0,1,0,0,0,0,0,0
36910,4,0,0,0,0,1,0,0,0,0,0
37320,1,0,1,0,0,0,0,0,0,0,0
37320,2,0,0,1,0,0,0,0,0,0,0
37320,3,0,0,0,1,0,0,0,0,0,0
37320,4,0,0,0,0,1,0,0,0,0,0
37320,5,0,0,0,0,0,1,0,0,0,0
37320,6,0,0,0,0,0,0,1,0,0,0
37320,7,0,0,0,0,0,0,0,1,0,0
37320,8,1,0,0,0,0,0,0,0,1,0
37410,1,0,1,0,0,0,0,0,0,0,0
37410,2,0,0,1,0,0,0,0,0,0,0
37410,3,0,0,0,1,0,0,0,0,0,0
37810,1,0,1,0,0,0,0,0,0,0,0
37810,2,0,0,1,0,0,0,0,0,0,0
37810,3,0,0,0,1,0,0,0,0,0,0
37810,4,0,0,0,0,1,0,0,0,0,0
37810,5,1,0,0,0,0,1,0,0,0,0
37910,1,0,1,0,0,0,0,0,0,0,0
37910,2,0,0,1,0,0,0,0,0,0,0
37910,3,0,0,0,1,0,0,0,0,0,0
37910,4,0,0,0,0,1,0,0,0,0,0
37910,5,0,0,0,0,0,1,0,0,0,0
37910,6,0,0,0,0,0,0,1,0,0,0
37910,7,0,0,0,0,0,0,0,1,0,0
37910,8,0,0,0,0,0,0,0,0,1,0
38210,1,0,1,0,0,0,0,0,0,0,0
38210,2,0,0,1,0,0,0,0,0,0,0
38210,3,0,0,0,1,0,0,0,0,0,0
38210,4,0,0,0,0,1,0,0,0,0,0
38210,5,0,0,0,0,0,1,0,0,0,0
38210,6,1,0,0,0,0,0,1,0,0,0
38310,1,0,1,0,0,0,0,0,0,0,0
38310,2,0,0,1,0,0,0,0,0,0,0
38310,3,0,0,0,1,0,0,0,0,0,0
38310,4,0,0,0,0,1,0,0,0,0,0
38310,5,0,0,0,0,0,1,0,0,0,0
38310,6,0,0,0,0,0,0,1,0,0,0
38310,7,1,0,0,0,0,0,0,1,0,0
38610,1,0,1,0,0,0,0,0,0,0,0
38610,2,0,0,1,0,0,0,0,0,0,0
38610,3,0,0,0,1,0,0,0,0,0,0
38610,4,1,0,0,0,1,0,0,0,0,0
38910,1,0,1,0,0,0,0,0,0,0,0
38910,2,0,0,1,0,0,0,0,0,0,0
38910,3,0,0,0,1,0,0,0,0,0,0
38910,4,0,0,0,0,1,0,0,0,0,0
38910,5,0,0,0,0,0,1,0,0,0,0
38910,6,0,0,0,0,0,0,1,0,0,0
38910,7,0,0,0,0,0,0,0,1,0,0
38910,8,0,0,0,0,0,0,0,0,1,0
39010,1,0,1,0,0,0,0,0,0,0,0
39010,2,0,0,1,0,0,0,0,0,0,0
39010,3,0,0,0,1,0,0,0,0,0,0
39010,4,0,0,0,0,1,0,0,0,0,0
39010,5,0,0,0,0,0,1,0,0,0,0
39010,6,0,0,0,0,0,0,1,0,0,0
39010,7,0,0,0,0,0,0,0,1,0,0
39810,1,0,1,0,0,0,0,0,0,0,0
39810,2,0,0,1,0,0,0,0,0,0,0
39810,3,0,0,0,1,0,0,0,0,0,0
39810,4,0,0,0,0,1,0,0,0,0,0
39810,5,0,0,0,0,0,1,0,0,0,0
40210,1,0,1,0,0,0,0,0,0,0,0
40210,2,0,0,1,0,0,0,0,0,0,0
40210,3,0,0,0,1,0,0,0,0,0,0
40510,1,0,1,0,0,0,0,0,0,0,0
40510,2,0,0,1,0,0,0,0,0,0,0
40510,3,0,0,0,1,0,0,0,0,0,0
40510,4,0,0,0,0,1,0,0,0,0,0
40510,5,1,0,0,0,0,1,0,0,0,0
40810,1,0,1,0,0,0,0,0,0,0,0
41010,1,0,1,0,0,0,0,0,0,0,0
41010,2,0,0,1,0,0,0,0,0,0,0
41010,3,0,0,0,1,0,0,0,0,0,0
41010,4,0,0,0,0,1,0,0,0,0,0
41010,5,0,0,0,0,0,1,0,0,0,0
41110,1,0,1,0,0,0,0,0,0,0,0
41110,2,0,0,1,0,0,0,0,0,0,0
41110,3,0,0,0,1,0,0,0,0,0,0
41110,4,0,0,0,0,1,0,0,0,0,0
41410,1,0,1,0,0,0,0,0,0,0,0
41410,2,0,0,1,0,0,0,0,0,0,0
41410,3,0,0,0,1,0,0,0,0,0,0
41410,4,0,0,0,0,1,0,0,0,0,0
41410,5,0,0,0,0,0,1,0,0,0,0
41410,6,0,0,0,0,0,0,1,0,0,0
41510,1,0,1,0,0,0,0,0,0,0,0
41510,2,0,0,1,0,0,0,0,0,0,0
41510,3,0,0,0,1,0,0,0,0,0,0
41510,4,0,0,0,0,1,0,0,0,0,0
41510,5,0,0,0,0,0,1,0,0,0,0
41510,6,0,0,0,0,0,0,1,0,0,0
41910,1,0,1,0,0,0,0,0,0,0,0
41910,2,0,0,1,0,0,0,0,0,0,0
41910,3,0,0,0,1,0,0,0,0,0,0
41910,4,0,0,0,0,1,0,0,0,0,0
41910,5,1,0,0,0,0,1,0,0,0,0
42110,1,0,1,0,0,0,0,0,0,0,0
42310,1,0,1,0,0,0,0,0,0,0,0
42310,2,0,0,1,0,0,0,0,0,0,0
42310,3,0,0,0,1,0,0,0,0,0,0
42310,4,0,0,0,0,1,0,0,0,0,0
42410,1,0,1,0,0,0,0,0,0,0,0
42410,2,0,0,1,0,0,0,0,0,0,0
42410,3,0,0,0,1,0,0,0,0,0,0
42410,4,0,0,0,0,1,0,0,0,0,0
42410,5,0,0,0,0,0,1,0,0,0,0
42410,6,1,0,0,0,0,0,1,0,0,0
42510,1,0,1,0,0,0,0,0,0,0,0
42510,2,0,0,1,0,0,0,0,0,0,0
42510,3,0,0,0,1,0,0,0,0,0,0
42510,4,1,0,0,0,1,0,0,0,0,0
42610,1,0,1,0,0,0,0,0,0,0,0
42610,2,0,0,1,0,0,0,0,0,0,0
42610,3,0,0,0,1,0,0,0,0,0,0
42610,4,0,0,0,0,1,0,0,0,0,0
42610,5,1,0,0,0,0,1,0,0,0,0
42710,1,0,1,0,0,0,0,0,0,0,0
42710,2,0,0,1,0,0,0,0,0,0,0
42710,3,0,0,0,1,0,0,0,0,0,0
42710,4,0,0,0,0,1,0,0,0,0,0
42710,5,0,0,0,0,0,1,0,0,0,0
42810,1,0,1,0,0,0,0,0,0,0,0
42810,2,0,0,1,0,0,0,0,0,0,0
42810,3,0,0,0,1,0,0,0,0,0,0
42810,4,0,0,0,0,1,0,0,0,0,0
42810,5,0,0,0,0,0,1,0,0,0,0
42810,6,0,0,0,0,0,0,1,0,0,0
42810,7,1,0,0,0,0,0,0,1,0,0
42910,1,0,1,0,0,0,0,0,0,0,0
42910,2,0,0,1,0,0,0,0,0,0,0
42910,3,0,0,0,1,0,0,0,0,0,0
42910,4,1,0,0,0,1,0,0,0,0,0
43010,1,0,1,0,0,0,0,0,0,0,0
43010,2,0,0,1,0,0,0,0,0,0,0
43010,3,0,0,0,1,0,0,0,0,0,0
43010,4,0,0,0,0,1,0,0,0,0,0
43010,5,0,0,0,0,0,1,0,0,0,0
43110,1,0,1,0,0,0,0,0,0,0,0
43110,2,0,0,1,0,0,0,0,0,0,0
43110,3,0,0,0,1,0,0,0,0,0,0
43110,4,0,0,0,0,1,0,0,0,0,0
43110,5,0,0,0,0,0,1,0,0,0,0
43110,6,0,0,0,0,0,0,1,0,0,0
43110,7,1,0,0,0,0,0,0,1,0,0
43410,1,0,1,0,0,0,0,0,0,0,0
43410,2,1,0,1,0,0,0,0,0,0,0
43710,1,0,1,0,0,0,0,0,0,0,0
43710,2,0,0,1,0,0,0,0,0,0,0
43710,3,0,0,0,1,0,0,0,0,0,0
43710,4,0,0,0,0,1,0,0,0,0,0
43710,5,1,0,0,0,0,1,0,0,0,0
43918,1,0,1,0,0,0,0,0,0,0,0
43918,2,0,0,1,0,0,0,0,0,0,0
43918,3,0,0,0,1,0,0,0,0,0,0
43918,4,0,0,0,0,1,0,0,0,0,0
43918,5,0,0,0,0,0,1,0,0,0,0
43918,6,0,0,0,0,0,0,1,0,0,0
43918,7,0,0,0,0,0,0,0,1,0,0
43918,8,0,0,0,0,0,0,0,0,1,0
43918,9,0,0,0,0,0,0,0,0,0,1
44310,1,0,1,0,0,0,0,0,0,0,0
44310,2,0,0,1,0,0,0,0,0,0,0
44310,3,0,0,0,1,0,0,0,0,0,0
44310,4,0,0,0,0,1,0,0,0,0,0
44310,5,0,0,0,0,0,1,0,0,0,0
44310,6,0,0,0,0,0,0,1,0,0,0
44310,7,1,0,0,0,0,0,0,1,0,0
44510,1,0,1,0,0,0,0,0,0,0,0
44510,2,0,0,1,0,0,0,0,0,0,0
44510,3,0,0,0,1,0,0,0,0,0,0
49815,1,0,1,0,0,0,0,0,0,0,0
49815,2,0,0,1,0,0,0,0,0,0,0
49815,3,0,0,0,1,0,0,0,0,0,0
49815,4,0,0,0,0,1,0,0,0,0,0
49815,5,0,0,0,0,0,1,0,0,0,0
49815,6,0,0,0,0,0,0,1,0,0,0
49815,7,1,0,0,0,0,0,0,1,0,0
50210,1,0,1,0,0,0,0,0,0,0,0
50210,2,0,0,1,0,0,0,0,0,0,0
50210,3,0,0,0,1,0,0,0,0,0,0
50310,1,0,1,0,0,0,0,0,0,0,0
50310,2,0,0,1,0,0,0,0,0,0,0
50310,3,0,0,0,1,0,0,0,0,0,0
50310,4,0,0,0,0,1,0,0,0,0,0
